$ANSIBLE_VAULT;1.1;AES256
66303763666239343063376238356263373833393532636464373365653032333639306432656333
3134346435363633333961313131383064663639333138390a663665616664373664333339386165
64666632323363323030383637616364666234623731393033313564376233373563336337616561
6234343130356237310a343363393134313363666264346334636261343430643139333433396361
35353031663664663532393965323835396262626536306161373037303661646565353232373736
63623833346639396538396138306432323030346435613165373730373734383462656466663266
32326261353663326137396563643863326333363133653533376165316364386330616537353639
30333438326237323339366235653864353032396561316433373563613465636164366134383966
35306432393233333165333935653632636239653961386131653035613363636436326532313665
33333962396632613038313138353739613930396138396631373639316239376234373939393632
64616231643938613331663639323238383261363934636163626132383262306132393066643864
64333666376364663934373562626662376333623863613132316564646332346539653230666535
66613261373838323165373636626365323734376164336336313934313165623339363565333432
37333066346437363234346663656265386539306465303562633930323330356135636465363539
66313430316535643938316537356331386433363462666163653137336339393033666334353839
62356333633139613732336536656630323865653732633937656538633338306438643766616465
38303436623131626431633961636136336263663630653366346234346337386234333835613132
35333532343335626333353337346631643032626533376661313166363230616662623239633837
30383966333237653166386138653335653965383435316365316234316461376164613465623233
63656531663635333262323564346462616630376238623936383733353136383236663966333535
63316561656364373862323337323937656330386435636562646663343831613063623365653766
61663464313232383538393834303765343163623162376264353833616266373861616536653230
61393263393930353930353665376439333963623863663634623336616434643334666538333533
34633962333833373164313138393665313938646661396339356365306436353534323039663862
61663466316635643966353164656533646338666430343130313865373832396265336339323730
3438353233373661363431613037366633356462356263383235
